--------------------投影系数---------------
N1:0.125770725674163-N2:0.0888366739337181
------------------地面坐标------------------
X:-6911.69566815137
Y:4192.33463500544
Z:137.04791345547
